0.000000 2400.000000 0.000000 600.000000 700.000000 0.000000 0.000000 1300.000000 1400.000000 0.000000 0.000000 2000.000000 2100.000000 0.000000 0.000000 2700.000000 2500.000000 3100.000000 0.000000 0.000000 141.421356 3201.562119 0.000000 2801.785145
2400.000000 0.000000 600.000000 0.000000 0.000000 700.000000 1300.000000 0.000000 0.000000 1400.000000 2000.000000 0.000000 0.000000 2100.000000 2700.000000 0.000000 100.000000 700.000000 0.000000 2701.851217 2501.999201 806.225775 0.000000 0.000000
0.000000 600.000000 0.000000 2400.000000 2402.082430 100.000000 700.000000 0.000000 0.000000 800.000000 1400.000000 0.000000 0.000000 1500.000000 2100.000000 0.000000 608.276253 0.000000 0.000000 2102.379604 0.000000 0.000000 0.000000 0.000000
600.000000 0.000000 2400.000000 0.000000 100.000000 2402.082430 0.000000 700.000000 800.000000 0.000000 0.000000 1400.000000 1500.000000 0.000000 0.000000 2100.000000 0.000000 0.000000 0.000000 0.000000 707.106781 0.000000 0.000000 2202.271555
700.000000 0.000000 2402.082430 100.000000 0.000000 2400.000000 0.000000 600.000000 700.000000 0.000000 0.000000 1300.000000 1400.000000 0.000000 0.000000 2000.000000 0.000000 0.000000 0.000000 0.000000 806.225775 0.000000 0.000000 2102.379604
0.000000 700.000000 100.000000 2402.082430 2400.000000 0.000000 600.000000 0.000000 0.000000 700.000000 1300.000000 0.000000 0.000000 1400.000000 2000.000000 0.000000 707.106781 0.000000 0.000000 2002.498439 0.000000 0.000000 0.000000 0.000000
0.000000 1300.000000 700.000000 0.000000 0.000000 600.000000 0.000000 2400.000000 2402.082430 100.000000 700.000000 0.000000 0.000000 800.000000 1400.000000 0.000000 1303.840481 0.000000 0.000000 1403.566885 0.000000 0.000000 0.000000 0.000000
1300.000000 0.000000 0.000000 700.000000 600.000000 0.000000 2400.000000 0.000000 100.000000 2402.082430 0.000000 700.000000 800.000000 0.000000 0.000000 1400.000000 0.000000 0.000000 0.000000 0.000000 1403.566885 0.000000 0.000000 1503.329638
1400.000000 0.000000 0.000000 800.000000 700.000000 0.000000 2402.082430 100.000000 0.000000 2400.000000 0.000000 600.000000 700.000000 0.000000 0.000000 1300.000000 0.000000 0.000000 0.000000 0.000000 1503.329638 0.000000 0.000000 1403.566885
0.000000 1400.000000 800.000000 0.000000 0.000000 700.000000 100.000000 2402.082430 2400.000000 0.000000 600.000000 0.000000 0.000000 700.000000 1300.000000 0.000000 1403.566885 0.000000 0.000000 1303.840481 0.000000 0.000000 0.000000 0.000000
0.000000 2000.000000 1400.000000 0.000000 0.000000 1300.000000 700.000000 0.000000 0.000000 600.000000 0.000000 2400.000000 2402.082430 100.000000 700.000000 0.000000 2002.498439 0.000000 0.000000 707.106781 0.000000 0.000000 0.000000 0.000000
2000.000000 0.000000 0.000000 1400.000000 1300.000000 0.000000 0.000000 700.000000 600.000000 0.000000 2400.000000 0.000000 100.000000 2402.082430 0.000000 700.000000 0.000000 0.000000 0.000000 0.000000 2102.379604 0.000000 0.000000 806.225775
2100.000000 0.000000 0.000000 1500.000000 1400.000000 0.000000 0.000000 800.000000 700.000000 0.000000 2402.082430 100.000000 0.000000 2400.000000 0.000000 600.000000 0.000000 0.000000 0.000000 0.000000 2202.271555 0.000000 0.000000 707.106781
0.000000 2100.000000 1500.000000 0.000000 0.000000 1400.000000 800.000000 0.000000 0.000000 700.000000 100.000000 2402.082430 2400.000000 0.000000 600.000000 0.000000 2102.379604 0.000000 0.000000 608.276253 0.000000 0.000000 0.000000 0.000000
0.000000 2700.000000 2100.000000 0.000000 0.000000 2000.000000 1400.000000 0.000000 0.000000 1300.000000 700.000000 0.000000 0.000000 600.000000 0.000000 2400.000000 2701.851217 0.000000 700.000000 100.000000 0.000000 0.000000 806.225775 2501.999201
2700.000000 0.000000 0.000000 2100.000000 2000.000000 0.000000 0.000000 1400.000000 1300.000000 0.000000 0.000000 700.000000 600.000000 0.000000 2400.000000 0.000000 0.000000 0.000000 3100.000000 2500.000000 2801.785145 0.000000 3201.562119 141.421356
2500.000000 100.000000 608.276253 0.000000 0.000000 707.106781 1303.840481 0.000000 0.000000 1403.566885 2002.498439 0.000000 0.000000 2102.379604 2701.851217 0.000000 0.000000 600.000000 0.000000 2700.000000 2601.922366 707.106781 0.000000 0.000000
3100.000000 700.000000 0.000000 0.000000 0.000000 0.000000 0.000000 0.000000 0.000000 0.000000 0.000000 0.000000 0.000000 0.000000 0.000000 0.000000 600.000000 0.000000 2700.000000 0.000000 3201.562119 141.421356 2801.785145 0.000000
0.000000 0.000000 0.000000 0.000000 0.000000 0.000000 0.000000 0.000000 0.000000 0.000000 0.000000 0.000000 0.000000 0.000000 700.000000 3100.000000 0.000000 2700.000000 0.000000 600.000000 0.000000 2801.785145 141.421356 3201.562119
0.000000 2701.851217 2102.379604 0.000000 0.000000 2002.498439 1403.566885 0.000000 0.000000 1303.840481 707.106781 0.000000 0.000000 608.276253 100.000000 2500.000000 2700.000000 0.000000 600.000000 0.000000 0.000000 0.000000 707.106781 2601.922366
141.421356 2501.999201 0.000000 707.106781 806.225775 0.000000 0.000000 1403.566885 1503.329638 0.000000 0.000000 2102.379604 2202.271555 0.000000 0.000000 2801.785145 2601.922366 3201.562119 0.000000 0.000000 0.000000 3300.000000 0.000000 2900.000000
3201.562119 806.225775 0.000000 0.000000 0.000000 0.000000 0.000000 0.000000 0.000000 0.000000 0.000000 0.000000 0.000000 0.000000 0.000000 0.000000 707.106781 141.421356 2801.785145 0.000000 3300.000000 0.000000 2900.000000 0.000000
0.000000 0.000000 0.000000 0.000000 0.000000 0.000000 0.000000 0.000000 0.000000 0.000000 0.000000 0.000000 0.000000 0.000000 806.225775 3201.562119 0.000000 2801.785145 141.421356 707.106781 0.000000 2900.000000 0.000000 3300.000000
2801.785145 0.000000 0.000000 2202.271555 2102.379604 0.000000 0.000000 1503.329638 1403.566885 0.000000 0.000000 806.225775 707.106781 0.000000 2501.999201 141.421356 0.000000 0.000000 3201.562119 2601.922366 2900.000000 0.000000 3300.000000 0.000000
