300.000000 300.000000
300.000000 2700.000000
900.000000 2700.000000
900.000000 300.000000
1000.000000 300.000000
1000.000000 2700.000000
1600.000000 2700.000000
1600.000000 300.000000
1700.000000 300.000000
1700.000000 2700.000000
2300.000000 2700.000000
2300.000000 300.000000
2400.000000 300.000000
2400.000000 2700.000000
3000.000000 2700.000000
3000.000000 300.000000
300.000000 2800.000000
300.000000 3400.000000
3000.000000 3400.000000
3000.000000 2800.000000
200.000000 200.000000
200.000000 3500.000000
3100.000000 3500.000000
3100.000000 200.000000
