300.000000 1000.000000 0.000000
300.000000 2000.000000 0.000000
900.000000 1000.000000 -3.141593
900.000000 2000.000000 -3.141593
1000.000000 1000.000000 0.000000
1000.000000 2000.000000 0.000000
1600.000000 1000.000000 -3.141593
1600.000000 2000.000000 -3.141593
1700.000000 1000.000000 0.000000
1700.000000 2000.000000 0.000000
2300.000000 1000.000000 -3.141593
2300.000000 2000.000000 -3.141593
2400.000000 1000.000000 0.000000
2400.000000 2000.000000 0.000000
3000.000000 1000.000000 -3.141593
3000.000000 2000.000000 -3.141593
1000.000000 2800.000000 1.570796
1650.000000 2800.000000 1.570796
2000.000000 2800.000000 1.570796
1000.000000 3400.000000 -1.570796
1650.000000 3400.000000 -1.570796
2000.000000 3400.000000 -1.570796
