350.000000 1000.000000 0.000000 1
350.000000 2000.000000 0.000000 1
850.000000 1000.000000 -3.141593 1
850.000000 2000.000000 -3.141593 1
1050.000000 1000.000000 0.000000 1
1050.000000 2000.000000 0.000000 1
1550.000000 1000.000000 -3.141593 1
1550.000000 2000.000000 -3.141593 1
1750.000000 1000.000000 0.000000 1
1750.000000 2000.000000 0.000000 1
2250.000000 1000.000000 -3.141593 1
2250.000000 2000.000000 -3.141593 1
2450.000000 1000.000000 0.000000 1
2450.000000 2000.000000 0.000000 1
2950.000000 1000.000000 -3.141593 1
2950.000000 2000.000000 -3.141593 1
1000.000000 2850.000000 1.570796 1
1650.000000 2850.000000 1.570796 1
2000.000000 2850.000000 1.570796 1
1000.000000 3350.000000 -1.570796 1
1650.000000 3350.000000 -1.570796 1
2000.000000 3350.000000 -1.570796 1
