0.000000 2400.000000
600.000000 0.000000
0.000000 -2400.000000
-600.000000 0.000000
600.000000 2400.000000
-600.000000 2400.000000
0.000000 2400.000000
600.000000 0.000000
0.000000 -2400.000000
-600.000000 0.000000
600.000000 2400.000000
-600.000000 2400.000000
0.000000 2400.000000
600.000000 0.000000
0.000000 -2400.000000
-600.000000 0.000000
600.000000 2400.000000
-600.000000 2400.000000
0.000000 2400.000000
600.000000 0.000000
0.000000 -2400.000000
-600.000000 0.000000
600.000000 2400.000000
-600.000000 2400.000000
0.000000 600.000000
2700.000000 0.000000
0.000000 -600.000000
-2700.000000 0.000000
2700.000000 600.000000
-2700.000000 600.000000
0.000000 3300.000000
2900.000000 0.000000
0.000000 -3300.000000
-2900.000000 0.000000
0.000000 0.000000
0.000000 0.000000
